0.05291891098022461
0.048882246017456055
0.04779505729675293
0.047963619232177734
0.04817795753479004
0.04779195785522461
0.048215389251708984
0.04781484603881836
0.04855179786682129
0.04811596870422363
0.048535823822021484
0.0495600700378418
0.04907870292663574
0.049669504165649414
0.04997730255126953
0.049471378326416016
0.04954195022583008
0.049613237380981445
0.04908561706542969
0.04891228675842285
0.04911947250366211
0.04923439025878906
0.04946613311767578
0.048844099044799805
0.04881477355957031
0.04906606674194336
0.04815030097961426
