0.019736528396606445
0.034810781478881836
0.03599667549133301
0.03419971466064453
0.03505229949951172
0.03345656394958496
0.03339719772338867
0.033288002014160156
0.03374814987182617
0.03287172317504883
0.03381848335266113
0.0330965518951416
0.03348684310913086
0.03887200355529785
0.03381657600402832
0.03300166130065918
0.03321480751037598
0.03408694267272949
0.03326916694641113
0.03290438652038574
0.033089399337768555
0.03308820724487305
0.033209800720214844
0.032964229583740234
0.03351449966430664
0.0338594913482666
0.034128427505493164
0.03325009346008301
0.03347063064575195
0.03333306312561035
0.03400826454162598
0.03342294692993164
0.034241437911987305
0.03313875198364258
0.032767534255981445
0.03278303146362305
0.0325777530670166
0.03235483169555664
0.03294181823730469
0.03249216079711914
0.033215999603271484
0.03265786170959473
0.03304719924926758
0.033035993576049805
0.03281116485595703
0.0330963134765625
0.03340864181518555
0.0327153205871582
0.03359675407409668
0.03257608413696289
0.03280949592590332
0.03279876708984375
0.03296470642089844
0.032625436782836914
0.032850027084350586
0.03265261650085449
0.03285813331604004
0.03322958946228027
0.03282785415649414
0.03295445442199707
0.0333704948425293
0.033067941665649414
0.03342127799987793
0.03302335739135742
0.03290271759033203
0.0327763557434082
0.0323030948638916
0.03230619430541992
0.0328059196472168
0.03256940841674805
0.0325314998626709
0.03253674507141113
0.03285694122314453
0.03289389610290527
0.032941579818725586
0.033196449279785156
0.032926321029663086
0.03274202346801758
0.033029794692993164
0.03277730941772461
0.03338456153869629
0.032564401626586914
0.032978057861328125
0.0329289436340332
0.03271222114562988
0.032965660095214844
0.03295278549194336
0.0326993465423584
0.032919883728027344
0.03260207176208496
0.03283047676086426
0.032610177993774414
0.032753944396972656
0.03276944160461426
0.03306126594543457
0.0328218936920166
0.03289389610290527
0.03304743766784668
0.03310394287109375
0.032819271087646484
0.03301358222961426
0.03299999237060547
0.03322601318359375
0.03322887420654297
0.032834768295288086
0.0330350399017334
0.0328829288482666
0.03312826156616211
0.03266572952270508
0.03272747993469238
0.033034324645996094
0.032611846923828125
0.033225297927856445
0.032816171646118164
0.03287553787231445
0.03274416923522949
0.03301596641540527
0.032887935638427734
0.03304004669189453
0.03340888023376465
0.033360958099365234
0.03305673599243164
0.032872915267944336
0.032907962799072266
0.03254890441894531
0.03238391876220703
0.03290891647338867
0.032553911209106445
0.03341269493103027
0.03312993049621582
0.03346371650695801
0.032926082611083984
0.033493757247924805
0.033081769943237305
0.03287768363952637
0.0332186222076416
0.03319382667541504
0.0330812931060791
0.03310251235961914
0.03255486488342285
0.03284430503845215
0.03297233581542969
0.032828330993652344
0.032596588134765625
0.032318115234375
0.032953500747680664
0.03303837776184082
0.032915353775024414
0.03285694122314453
0.03295588493347168
