0.007302284240722656
0.009361028671264648
0.009777069091796875
0.009632349014282227
0.008902788162231445
0.011435270309448242
0.00898885726928711
0.009020328521728516
0.010628938674926758
0.008806705474853516
0.010320186614990234
0.008746862411499023
0.010284423828125
0.009474039077758789
0.0090484619140625
0.00904393196105957
0.008843660354614258
0.009696722030639648
0.008832454681396484
0.010739564895629883
0.00887751579284668
0.009855031967163086
0.009484052658081055
0.008767366409301758
0.009437084197998047
0.008715152740478516
0.00970005989074707
0.008851289749145508
0.008960723876953125
0.008934974670410156
0.009005069732666016
0.00896000862121582
0.008730173110961914
0.009006738662719727
0.008646011352539062
0.009069681167602539
0.008613109588623047
0.009194612503051758
0.00871729850769043
0.009200811386108398
0.008814573287963867
0.00876927375793457
0.008727073669433594
0.008681774139404297
0.008883476257324219
0.008646488189697266
0.008835554122924805
0.008659839630126953
0.009075641632080078
0.008768320083618164
0.009264230728149414
0.00869131088256836
0.009329795837402344
0.008932828903198242
0.00921320915222168
0.008988142013549805
0.009762287139892578
0.009348630905151367
0.008681297302246094
0.009374856948852539
0.008654117584228516
0.00894474983215332
0.008699655532836914
0.009414196014404297
0.00905299186706543
0.008751153945922852
0.009311437606811523
0.008658170700073242
0.009403467178344727
0.008630752563476562
0.009116888046264648
0.008643627166748047
0.00903773307800293
0.008657693862915039
0.009154319763183594
0.008656978607177734
0.009468555450439453
0.008783817291259766
0.011849164962768555
0.009076595306396484
0.009147167205810547
0.008962869644165039
0.008706092834472656
0.009131193161010742
0.008891820907592773
0.009144067764282227
0.009052276611328125
0.00883793830871582
0.008884668350219727
0.008706808090209961
0.008927345275878906
0.008705377578735352
0.008844852447509766
0.00873875617980957
0.008774042129516602
0.008656501770019531
0.00893545150756836
0.008550405502319336
0.009119272232055664
0.008647441864013672
0.009207963943481445
0.008886337280273438
0.009336471557617188
0.008907556533813477
0.008740663528442383
0.008928775787353516
0.008676528930664062
0.00874638557434082
0.008744239807128906
0.008812665939331055
0.008699655532836914
0.009217262268066406
0.008669614791870117
0.009320735931396484
0.008732080459594727
0.008693218231201172
0.008758544921875
0.00873255729675293
0.008759260177612305
0.008698225021362305
0.008861064910888672
0.008601903915405273
0.00887918472290039
0.008653402328491211
0.008868217468261719
0.00865626335144043
0.008858680725097656
0.008725166320800781
0.009226560592651367
0.008709192276000977
0.009241104125976562
0.008843421936035156
0.008748769760131836
0.008669137954711914
0.008746623992919922
0.008854389190673828
0.008716583251953125
0.008766412734985352
0.008708000183105469
0.008802413940429688
0.008666038513183594
0.008852005004882812
0.008699417114257812
0.009272336959838867
0.008646726608276367
0.009150266647338867
0.008717775344848633
0.008836984634399414
0.008846044540405273
0.00873565673828125
0.008820056915283203
0.008628368377685547
0.008858680725097656
0.008994817733764648
0.008872747421264648
0.008743047714233398
0.008887290954589844
0.009153604507446289
0.009298324584960938
0.008750438690185547
0.008954048156738281
0.008780479431152344
0.008953571319580078
0.008772611618041992
0.008919954299926758
0.0087127685546875
0.008939743041992188
0.008694887161254883
0.009216547012329102
0.008680582046508789
0.009478569030761719
0.009118080139160156
0.009052038192749023
0.008823633193969727
0.009262561798095703
0.008910179138183594
0.00871419906616211
0.008894681930541992
0.00876760482788086
0.008924722671508789
0.008745670318603516
0.008862018585205078
0.008764028549194336
0.009243249893188477
0.008829116821289062
0.009175777435302734
0.008841514587402344
0.008788824081420898
0.008902549743652344
0.00872659683227539
0.009124517440795898
0.008723974227905273
0.008867025375366211
0.008730888366699219
0.008831262588500977
0.008669614791870117
0.008941173553466797
0.008701086044311523
0.009287357330322266
0.008812427520751953
0.008985519409179688
0.00887155532836914
0.008916854858398438
0.009352922439575195
0.008759260177612305
0.008898496627807617
0.0087890625
0.008863210678100586
0.008878707885742188
0.008964061737060547
0.009381532669067383
0.009228706359863281
0.009558439254760742
0.008802652359008789
0.0091400146484375
0.008818626403808594
0.008862733840942383
0.008728981018066406
0.008907556533813477
0.008761882781982422
0.008813858032226562
0.008711099624633789
0.009246349334716797
0.008719205856323242
0.009200334548950195
0.008813858032226562
0.008875608444213867
0.008904457092285156
0.008748292922973633
0.008876800537109375
0.00874948501586914
0.008813858032226562
0.008737802505493164
0.008812904357910156
0.008691549301147461
0.008759737014770508
0.008819341659545898
0.009247541427612305
0.008703947067260742
0.009251117706298828
0.008815526962280273
0.008761882781982422
0.009039878845214844
0.008742094039916992
0.0093841552734375
0.008729696273803711
0.008931398391723633
0.008743047714233398
0.00888204574584961
0.008712530136108398
0.009348154067993164
0.009044647216796875
0.009454488754272461
0.008854150772094727
0.008740901947021484
0.009336233139038086
0.008808374404907227
0.00949859619140625
0.008703470230102539
0.009432792663574219
0.008768081665039062
0.009501218795776367
0.009100198745727539
0.009008407592773438
0.008894205093383789
0.008876562118530273
0.008963584899902344
0.0086822509765625
0.008872509002685547
0.008671998977661133
0.00898289680480957
0.008742809295654297
0.008871078491210938
0.008816719055175781
0.008643865585327148
0.008832693099975586
0.008807182312011719
0.009370088577270508
0.008729219436645508
0.00902414321899414
0.009389877319335938
0.009462833404541016
0.008892297744750977
0.00892949104309082
0.009060382843017578
0.009290456771850586
0.009014606475830078
0.009145498275756836
0.009079933166503906
0.0086669921875
0.008814334869384766
0.009183883666992188
0.009181737899780273
0.008737325668334961
0.008965253829956055
0.008704185485839844
0.008853435516357422
0.008799314498901367
0.009223461151123047
0.008790731430053711
0.008792877197265625
0.008681058883666992
0.009256601333618164
0.008774280548095703
0.009177207946777344
0.008771896362304688
0.008837461471557617
0.009290933609008789
0.008912801742553711
0.008780241012573242
0.00869131088256836
0.008819341659545898
0.008695602416992188
0.008808612823486328
0.008657455444335938
0.009120702743530273
0.008845090866088867
0.009346723556518555
0.008747100830078125
0.009119987487792969
