0.007308244705200195
0.010113954544067383
0.009601354598999023
0.008758544921875
0.010240554809570312
0.009009361267089844
0.009852409362792969
0.009113550186157227
0.008880138397216797
0.009368658065795898
0.008637428283691406
0.00904393196105957
0.008701562881469727
0.010965824127197266
0.008817434310913086
0.009813547134399414
0.009298086166381836
0.008952617645263672
0.009328603744506836
0.008676528930664062
0.010393857955932617
0.008789539337158203
0.008840799331665039
0.008713006973266602
0.0089263916015625
0.008711814880371094
0.008854389190673828
0.010352611541748047
0.010499000549316406
0.00879979133605957
0.008697032928466797
0.008749961853027344
0.008708953857421875
0.008779287338256836
0.008762121200561523
0.009942054748535156
0.008863687515258789
0.008635759353637695
0.00887155532836914
0.008600711822509766
0.009124279022216797
0.008671998977661133
0.00910329818725586
0.008673429489135742
0.009036540985107422
0.00873708724975586
0.00921010971069336
0.008683204650878906
0.008654356002807617
0.009464263916015625
0.008656501770019531
0.009076595306396484
0.008661985397338867
0.009218454360961914
0.008863687515258789
0.009498119354248047
0.009244441986083984
0.009071111679077148
0.008771657943725586
0.008766412734985352
0.008840322494506836
0.00877070426940918
0.008938789367675781
0.008662939071655273
0.008712053298950195
0.008667945861816406
0.00918722152709961
0.008627653121948242
0.009163141250610352
0.008738279342651367
0.009179353713989258
0.008761167526245117
0.00907754898071289
0.00880575180053711
0.008718729019165039
0.008750200271606445
0.008713245391845703
0.00876760482788086
0.008716106414794922
0.008715152740478516
0.008687496185302734
0.009240388870239258
0.009093284606933594
0.009176492691040039
0.008711099624633789
0.009072542190551758
0.008682012557983398
0.008715391159057617
0.008681774139404297
0.008724212646484375
0.009062051773071289
0.008691072463989258
0.00884389877319336
0.00879216194152832
0.008732795715332031
0.008593082427978516
0.009133577346801758
0.008690118789672852
0.00911569595336914
0.008702754974365234
0.009170293807983398
0.008806705474853516
0.00896000862121582
0.008779287338256836
0.008814096450805664
0.00890493392944336
0.008743762969970703
0.008824348449707031
0.00877070426940918
0.00874018669128418
0.008654594421386719
0.009071826934814453
0.008643865585327148
0.009204387664794922
0.008639097213745117
0.009175300598144531
0.00872182846069336
0.008890151977539062
0.008590936660766602
0.008800268173217773
0.008703231811523438
0.008722543716430664
0.008654356002807617
0.00863194465637207
0.008703470230102539
0.008579492568969727
0.008706808090209961
0.008600234985351562
0.008703947067260742
0.00858759880065918
0.009015083312988281
0.00866246223449707
0.009208440780639648
0.008646249771118164
0.009100675582885742
0.008641958236694336
0.008824825286865234
0.008826732635498047
0.008745431900024414
0.008723258972167969
0.008681297302246094
0.008790731430053711
0.008632421493530273
0.008585453033447266
0.00876307487487793
0.0088043212890625
0.008827447891235352
0.008553504943847656
0.009264707565307617
0.008637666702270508
0.009047746658325195
0.008749246597290039
0.008683443069458008
0.008662223815917969
0.008685827255249023
0.00857234001159668
0.008641242980957031
0.008846759796142578
0.008716583251953125
0.008834362030029297
0.008728981018066406
0.008826971054077148
0.008674144744873047
0.008842706680297852
0.008670806884765625
0.009188175201416016
0.00865793228149414
0.009151458740234375
0.008716344833374023
0.008943557739257812
0.008745431900024414
0.008798837661743164
0.008835792541503906
0.008656024932861328
0.008995294570922852
0.008718729019165039
0.008860349655151367
0.008724451065063477
0.009048700332641602
0.008692741394042969
0.009191513061523438
0.00868368148803711
0.00919961929321289
0.008627891540527344
0.008879661560058594
0.00876927375793457
0.008771896362304688
0.008882522583007812
0.008736133575439453
0.009029150009155273
0.008634328842163086
0.008929967880249023
0.008887290954589844
0.008950948715209961
0.008681774139404297
0.008959293365478516
0.008612632751464844
0.009253740310668945
0.00873255729675293
0.008914470672607422
0.008759737014770508
0.008685827255249023
0.008844137191772461
0.008704185485839844
0.008945703506469727
0.008708000183105469
0.00893545150756836
0.008768796920776367
0.008917093276977539
0.008756875991821289
0.008910655975341797
0.008618354797363281
0.0091552734375
0.00881195068359375
0.008830070495605469
0.008898735046386719
0.008843660354614258
0.00890350341796875
0.008670806884765625
0.009215116500854492
0.008720159530639648
0.008962154388427734
0.008739709854125977
0.008906841278076172
0.00868535041809082
0.008844852447509766
0.008657217025756836
0.008813858032226562
0.008685111999511719
0.008791923522949219
0.008894681930541992
0.008723735809326172
0.008830547332763672
0.00930643081665039
0.009326457977294922
0.008722543716430664
0.009237051010131836
0.008744955062866211
0.009177923202514648
0.008702993392944336
0.008939266204833984
0.008866310119628906
0.00893855094909668
0.008858442306518555
0.009080171585083008
0.009259700775146484
0.008756637573242188
0.009427547454833984
0.008764982223510742
0.00955510139465332
0.008816242218017578
0.008765459060668945
0.008684873580932617
0.009134769439697266
0.008635759353637695
0.008759737014770508
0.008682966232299805
0.010521888732910156
0.009016275405883789
0.008885860443115234
0.009079456329345703
0.009052753448486328
0.009048223495483398
0.008885860443115234
0.008710384368896484
0.008663415908813477
0.008811712265014648
0.008672475814819336
0.00894021987915039
0.008747577667236328
0.009060382843017578
0.00986480712890625
0.009958982467651367
0.01006627082824707
0.009877681732177734
0.009966850280761719
0.010012388229370117
0.009386539459228516
0.008817434310913086
0.008714675903320312
0.009352684020996094
0.008674383163452148
0.00895547866821289
0.008808135986328125
