0.006942033767700195
0.010075092315673828
0.010123729705810547
0.010296344757080078
0.009465217590332031
0.010160446166992188
0.009665250778198242
0.009593963623046875
0.009911060333251953
0.009395837783813477
0.009996891021728516
0.009456396102905273
0.010000944137573242
0.009776830673217773
0.009459972381591797
0.009878158569335938
0.0094146728515625
0.010032415390014648
0.00978398323059082
0.009631633758544922
0.009835958480834961
0.009499549865722656
0.009832382202148438
0.009626388549804688
0.009429454803466797
0.00948953628540039
0.009421348571777344
0.009588241577148438
0.009385347366333008
0.009450435638427734
0.009540081024169922
0.009378910064697266
0.009604692459106445
0.009412527084350586
0.0094146728515625
0.009344816207885742
0.009550094604492188
0.00942850112915039
0.009345769882202148
0.009583473205566406
0.009299516677856445
0.009554386138916016
0.00924825668334961
0.00949549674987793
0.009538650512695312
0.009474515914916992
0.009681224822998047
0.009669780731201172
0.00974726676940918
0.009492874145507812
0.009709835052490234
0.00969076156616211
0.009393453598022461
0.009588479995727539
0.009456634521484375
0.009656429290771484
0.009359121322631836
0.009691238403320312
0.00955510139465332
0.009498834609985352
0.009712457656860352
0.009574413299560547
0.009760856628417969
0.009461641311645508
0.009647130966186523
0.009736776351928711
0.009373664855957031
0.00959467887878418
0.009398460388183594
0.009493827819824219
0.009391546249389648
0.009455442428588867
0.009621381759643555
0.009366989135742188
0.009493589401245117
0.009282827377319336
0.00955510139465332
0.00941324234008789
0.009552717208862305
0.009426116943359375
0.009435892105102539
0.009486913681030273
0.009446144104003906
0.009631872177124023
0.00949859619140625
0.009490013122558594
0.01002955436706543
0.009496688842773438
0.009667158126831055
0.009418725967407227
0.009752273559570312
0.009528636932373047
0.00947117805480957
0.009648323059082031
0.009363889694213867
0.009739398956298828
0.009430170059204102
0.009652853012084961
0.009687423706054688
0.009558439254760742
0.009671449661254883
0.009351491928100586
0.00982356071472168
0.009550809860229492
0.009496688842773438
0.00963282585144043
0.009496212005615234
0.009574174880981445
0.009391546249389648
0.00944828987121582
0.00948953628540039
0.009561538696289062
0.009543895721435547
0.009397506713867188
0.009464025497436523
0.00942683219909668
0.00953054428100586
0.00948023796081543
0.009415388107299805
0.009626388549804688
0.009402275085449219
0.009566068649291992
0.00949406623840332
0.009517192840576172
0.009564638137817383
0.009643793106079102
0.009606122970581055
0.00970768928527832
0.009439706802368164
0.009698867797851562
0.009496927261352539
0.00951838493347168
0.009682416915893555
0.009378910064697266
0.009533405303955078
0.009960651397705078
0.00960683822631836
0.009860992431640625
0.009473085403442383
0.00975346565246582
0.009852170944213867
0.009522438049316406
0.009650707244873047
0.009617328643798828
0.009534597396850586
0.009744882583618164
0.00954294204711914
0.009624958038330078
0.009492874145507812
0.0095367431640625
0.009578227996826172
0.009563207626342773
0.009556055068969727
0.009505510330200195
0.00962519645690918
0.009484052658081055
0.009562015533447266
0.0093994140625
0.00966954231262207
0.009490966796875
0.009554624557495117
0.009448051452636719
0.009737253189086914
0.009684085845947266
0.009394407272338867
0.009605169296264648
0.009613990783691406
0.00952768325805664
0.009536266326904297
0.009490251541137695
0.00957036018371582
0.009522438049316406
0.009458065032958984
0.009413003921508789
0.00950765609741211
0.009518623352050781
0.009404182434082031
0.009696006774902344
0.009368896484375
0.009505033493041992
0.00942540168762207
0.009538650512695312
0.009598493576049805
0.009501457214355469
0.01029062271118164
0.009474039077758789
