0.01362919807434082
0.024048805236816406
0.02204275131225586
0.022854089736938477
0.02221369743347168
0.022054195404052734
0.021604299545288086
0.02158379554748535
0.021409273147583008
0.021149873733520508
0.021071195602416992
0.021190881729125977
0.02126908302307129
0.021135330200195312
0.0212552547454834
0.021624088287353516
0.021145105361938477
0.021013259887695312
0.021136760711669922
0.02192234992980957
0.022391796112060547
0.022809743881225586
0.0222470760345459
0.021737337112426758
0.0213010311126709
0.021152019500732422
0.02187371253967285
0.022832155227661133
0.023281097412109375
0.02286982536315918
0.02335190773010254
0.022021770477294922
0.022431373596191406
0.022391557693481445
0.02297496795654297
0.02199578285217285
0.02169013023376465
0.02216815948486328
0.021983861923217773
0.022182226181030273
0.02177596092224121
0.021238088607788086
0.021617412567138672
0.021317481994628906
0.021112918853759766
0.021578550338745117
0.021297931671142578
0.021253108978271484
0.021112680435180664
0.021398305892944336
0.02192068099975586
0.022417545318603516
0.022383928298950195
0.021568775177001953
0.021532773971557617
0.021387577056884766
0.021841049194335938
0.02172398567199707
0.021567583084106445
0.02135181427001953
0.02139735221862793
0.0214998722076416
0.022040843963623047
0.02129507064819336
0.02138805389404297
0.02142786979675293
0.021243572235107422
0.021104097366333008
0.02132105827331543
0.02147531509399414
0.021511554718017578
0.021544456481933594
0.021647214889526367
0.021118640899658203
0.02182483673095703
0.021526575088500977
0.02129387855529785
0.020926713943481445
0.02099442481994629
0.020934104919433594
0.021048307418823242
0.0209047794342041
0.020814180374145508
0.021007537841796875
0.021032333374023438
