0.01630997657775879
0.009877920150756836
0.009391069412231445
0.010744810104370117
0.00966334342956543
0.009300708770751953
0.010410785675048828
0.009269952774047852
0.009634733200073242
0.009518861770629883
0.009357213973999023
0.0095977783203125
0.009291648864746094
0.009589672088623047
0.00932621955871582
0.009563207626342773
0.009430885314941406
0.009372711181640625
0.009544849395751953
0.009238004684448242
0.009534835815429688
0.009324789047241211
0.009615659713745117
0.009484052658081055
0.009210348129272461
0.009419679641723633
0.009192228317260742
0.009334087371826172
0.009177684783935547
0.009485960006713867
0.009358406066894531
0.00928044319152832
0.009429931640625
0.009274005889892578
0.009432077407836914
0.009287595748901367
0.009446382522583008
0.00939178466796875
0.009332656860351562
0.009431600570678711
0.009238004684448242
0.009694576263427734
0.009218454360961914
0.010624408721923828
0.009869575500488281
0.009680986404418945
0.00923299789428711
0.009222269058227539
0.009559154510498047
0.00930643081665039
0.009542703628540039
0.009558439254760742
0.009328365325927734
0.009360313415527344
0.009251832962036133
0.009325981140136719
0.009194612503051758
0.009974479675292969
0.009445667266845703
0.009372472763061523
0.009339094161987305
0.009304285049438477
0.009863853454589844
0.009237289428710938
0.009769678115844727
0.00930023193359375
0.009389877319335938
0.009411096572875977
0.009419441223144531
0.009926319122314453
0.009151935577392578
0.00934457778930664
0.009338140487670898
0.009401798248291016
0.009336471557617188
0.009316205978393555
0.00943303108215332
0.00921320915222168
0.009432077407836914
0.009215116500854492
0.009377002716064453
0.009318351745605469
0.009321212768554688
0.01092982292175293
0.010718584060668945
0.010104656219482422
0.009560585021972656
0.009994268417358398
0.009318351745605469
0.009158134460449219
0.009433984756469727
0.009255409240722656
0.009371757507324219
0.00930166244506836
0.00930166244506836
0.009964942932128906
0.00938105583190918
0.009343147277832031
0.009136676788330078
0.009421348571777344
0.009560823440551758
0.00932765007019043
0.009918451309204102
0.00924992561340332
0.009690523147583008
0.009745597839355469
0.009508371353149414
0.010184526443481445
0.009257793426513672
0.010108232498168945
0.010864496231079102
0.00976109504699707
0.009768486022949219
0.009533882141113281
0.009358406066894531
0.009300947189331055
0.010154485702514648
0.009350776672363281
0.01011037826538086
0.009373664855957031
0.009491443634033203
0.009803295135498047
0.009507894515991211
0.00985407829284668
0.009553909301757812
0.00929403305053711
0.009415149688720703
0.009482622146606445
0.009342432022094727
0.0093536376953125
0.009407758712768555
0.009546279907226562
0.009329795837402344
0.009526491165161133
0.009380340576171875
0.009221315383911133
0.009241819381713867
0.00941014289855957
0.00920557975769043
0.009274721145629883
0.009314775466918945
0.009311914443969727
0.009292125701904297
0.009176015853881836
0.009266376495361328
0.009192228317260742
0.009274721145629883
0.009311914443969727
0.009289979934692383
0.00931692123413086
0.009152412414550781
0.009330034255981445
0.009207963943481445
0.009188413619995117
0.009092330932617188
0.009254693984985352
0.009363889694213867
0.009140253067016602
0.009428977966308594
0.009226560592651367
0.009365320205688477
0.009126424789428711
0.009421348571777344
0.00914311408996582
0.009711265563964844
0.009325742721557617
0.009190797805786133
0.009452581405639648
0.009225845336914062
0.009469270706176758
