0.008463859558105469
0.009754419326782227
0.01111912727355957
0.00951528549194336
0.009157419204711914
0.01085662841796875
0.00919485092163086
0.010022401809692383
0.009230613708496094
0.00914907455444336
0.009612083435058594
0.009014368057250977
0.01074361801147461
0.009190082550048828
0.009950399398803711
0.009382486343383789
0.009013891220092773
0.010282754898071289
0.00910186767578125
0.010125398635864258
0.009295463562011719
0.009424209594726562
0.009257316589355469
0.008989810943603516
0.009634256362915039
0.009147167205810547
0.009242057800292969
0.009060859680175781
0.00898432731628418
0.009171009063720703
0.008943557739257812
0.009055614471435547
0.009018182754516602
0.009459495544433594
0.008899927139282227
0.009468793869018555
0.009113073348999023
0.009036540985107422
0.009070158004760742
0.009052515029907227
0.009171485900878906
0.008840560913085938
0.009207963943481445
0.009878158569335938
0.009463071823120117
0.00908970832824707
0.009137392044067383
0.009120702743530273
0.009037256240844727
0.008998632431030273
0.008936166763305664
0.009026527404785156
0.008903741836547852
0.009282588958740234
0.008886575698852539
0.00952005386352539
0.00901937484741211
0.009214401245117188
0.009178400039672852
0.008900642395019531
0.009114503860473633
0.00897073745727539
0.009124279022216797
0.008967876434326172
0.00952458381652832
0.00914907455444336
0.00915217399597168
0.009174585342407227
0.009044885635375977
0.009221553802490234
0.008995532989501953
0.009087562561035156
0.00898432731628418
0.009153127670288086
0.009041070938110352
0.009445428848266602
0.009205102920532227
0.009135007858276367
0.009126901626586914
0.009077310562133789
0.009187459945678711
0.009530067443847656
0.009685993194580078
0.009099960327148438
0.009350299835205078
0.009067535400390625
0.009052276611328125
0.009170055389404297
0.008934259414672852
0.009056806564331055
0.0089263916015625
0.009230852127075195
0.008945226669311523
0.009608745574951172
0.009130001068115234
0.00901937484741211
0.009257316589355469
0.009104490280151367
0.00972890853881836
0.009038686752319336
0.009409189224243164
0.009100914001464844
0.009604692459106445
0.009371042251586914
0.009197711944580078
0.009070873260498047
0.009110212326049805
0.009099721908569336
0.008974552154541016
0.009067296981811523
0.00894784927368164
0.009550809860229492
0.009100914001464844
0.009150266647338867
0.009061336517333984
0.008986711502075195
0.009124994277954102
0.009013175964355469
0.009549379348754883
0.009018659591674805
0.009759187698364258
0.009605169296264648
0.009081363677978516
0.009796857833862305
0.009047508239746094
0.009531259536743164
0.009077310562133789
0.010147809982299805
0.009552478790283203
0.008989334106445312
0.00961923599243164
0.008913040161132812
0.00974130630493164
0.009045839309692383
0.009761810302734375
0.00939488410949707
0.009401321411132812
0.009743928909301758
0.009052038192749023
0.009400367736816406
0.009026765823364258
0.009599685668945312
0.009700775146484375
0.009647130966186523
0.009799957275390625
0.009497404098510742
0.009979963302612305
0.009182453155517578
0.009409666061401367
0.009017467498779297
0.010123968124389648
0.009082794189453125
0.009396791458129883
0.009081602096557617
0.009245872497558594
0.009203195571899414
0.009179115295410156
0.009881258010864258
0.009033918380737305
0.009122371673583984
0.009491443634033203
0.00940084457397461
0.009105920791625977
0.009508132934570312
0.009583473205566406
0.009568929672241211
0.009645700454711914
0.010193586349487305
0.010341882705688477
0.011244058609008789
0.009279727935791016
0.009616851806640625
0.009198665618896484
0.009789466857910156
0.009076833724975586
0.009999275207519531
0.009166479110717773
0.009099960327148438
0.009048223495483398
0.008999109268188477
0.009105443954467773
0.009055376052856445
0.009672880172729492
0.009063959121704102
0.009210348129272461
0.009354114532470703
0.00898885726928711
0.009562253952026367
0.009025812149047852
0.009547948837280273
0.008901119232177734
0.009629487991333008
0.009105682373046875
0.009553909301757812
0.009499788284301758
0.008952140808105469
0.009690523147583008
0.008982658386230469
0.00973057746887207
0.008986711502075195
0.009542465209960938
0.009038448333740234
0.009258270263671875
0.009164571762084961
0.009166717529296875
0.00976705551147461
0.008891105651855469
0.00963902473449707
0.009039640426635742
0.009631633758544922
0.009085893630981445
0.009026765823364258
0.009849309921264648
0.009182929992675781
0.009688377380371094
0.00912165641784668
0.009418725967407227
0.009613752365112305
0.009235143661499023
0.009864330291748047
0.009090185165405273
0.009781837463378906
0.009101629257202148
0.00943303108215332
0.009418249130249023
0.009235143661499023
0.009170293807983398
0.008972644805908203
0.009177923202514648
0.009911298751831055
0.009233474731445312
0.009760856628417969
0.009136199951171875
0.009467840194702148
0.00914454460144043
0.0097808837890625
0.009192943572998047
0.009616851806640625
0.009266376495361328
0.009370803833007812
0.009087800979614258
0.0089874267578125
0.009517431259155273
0.00907278060913086
0.009249687194824219
0.009074687957763672
0.009400606155395508
0.009012699127197266
0.009392738342285156
0.009324073791503906
0.009061336517333984
0.009087562561035156
0.009065389633178711
0.009552478790283203
0.009017467498779297
0.009762763977050781
0.009049177169799805
0.009266376495361328
0.009209871292114258
0.009102582931518555
0.009056568145751953
0.009609222412109375
0.009321928024291992
0.008947372436523438
0.008986234664916992
0.00909113883972168
0.00896143913269043
0.008878231048583984
0.009194135665893555
0.00895547866821289
0.009198427200317383
0.009062528610229492
0.009501457214355469
0.009098052978515625
0.009151458740234375
0.009160995483398438
0.008976459503173828
0.009149312973022461
0.008920431137084961
0.00918722152709961
0.008876323699951172
0.0093536376953125
0.009117841720581055
0.00933527946472168
0.009189844131469727
0.009000539779663086
0.009311914443969727
0.009380817413330078
0.009293079376220703
0.009727716445922852
