0.008982419967651367
0.012314558029174805
0.01073765754699707
0.009387969970703125
0.00984811782836914
0.009569644927978516
0.009227752685546875
0.015192270278930664
0.009452581405639648
0.009226322174072266
0.011508464813232422
0.01001882553100586
0.009168863296508789
0.010330438613891602
0.009211063385009766
0.011427640914916992
0.00930023193359375
0.009682655334472656
0.009217262268066406
0.009106636047363281
0.009921789169311523
0.009170293807983398
0.009129762649536133
0.009181022644042969
0.009151458740234375
0.009078741073608398
0.00887608528137207
0.00917673110961914
0.009098052978515625
0.00946354866027832
0.008985280990600586
0.00911092758178711
0.008990049362182617
0.009561538696289062
0.00917959213256836
0.008999347686767578
0.009309768676757812
0.00887441635131836
0.009550333023071289
0.009448766708374023
0.009088516235351562
0.009646892547607422
0.009148836135864258
0.009531974792480469
0.009108781814575195
0.009307861328125
0.009068965911865234
0.009226083755493164
0.009048938751220703
0.008944272994995117
0.009214162826538086
0.009146928787231445
0.00912165641784668
0.009042978286743164
0.00923776626586914
0.008985757827758789
0.00948786735534668
0.009195804595947266
0.009063959121704102
0.008897066116333008
0.009996652603149414
0.009558439254760742
0.009035348892211914
0.009540081024169922
0.009277582168579102
0.009598016738891602
0.00919198989868164
0.009055137634277344
0.009052753448486328
0.009129047393798828
0.009055376052856445
0.008971214294433594
0.009413480758666992
0.009103536605834961
0.009596586227416992
0.009083986282348633
0.009169340133666992
0.010560750961303711
0.009237527847290039
0.009255647659301758
0.008978605270385742
0.009684324264526367
0.009026288986206055
0.009008646011352539
0.009028911590576172
0.00907588005065918
0.009087324142456055
0.00918436050415039
0.009828805923461914
0.009107828140258789
0.009546995162963867
0.009032249450683594
0.009064197540283203
0.009185552597045898
0.009051084518432617
0.008996248245239258
0.009292364120483398
0.009380340576171875
0.009071588516235352
0.00955343246459961
0.009292364120483398
0.009153366088867188
0.00928354263305664
0.009115219116210938
0.00941324234008789
0.009039640426635742
0.009286642074584961
0.00906229019165039
0.00981903076171875
0.009271621704101562
0.009078502655029297
0.00958561897277832
0.009130716323852539
0.00915980339050293
0.009694099426269531
0.009305477142333984
0.00911402702331543
0.009161710739135742
0.009649515151977539
0.00892949104309082
0.00964498519897461
0.009061336517333984
0.009606361389160156
0.008938312530517578
0.010007143020629883
0.009183406829833984
0.009094953536987305
0.009858846664428711
0.00899815559387207
0.009378194808959961
0.00901174545288086
0.010031938552856445
0.009059429168701172
0.009237527847290039
0.009188175201416016
0.00900888442993164
0.00923299789428711
0.008997201919555664
0.009190082550048828
0.00890040397644043
0.009587287902832031
0.009554386138916016
0.009102582931518555
0.009427547454833984
0.009266138076782227
0.009019851684570312
0.00914764404296875
0.008942365646362305
0.009449958801269531
0.00893545150756836
0.009527444839477539
0.009205102920532227
0.009016990661621094
0.009059429168701172
0.008913993835449219
0.009242534637451172
0.008883953094482422
0.009583473205566406
0.008986473083496094
0.009543657302856445
0.009207725524902344
0.008979320526123047
0.009728431701660156
0.00908517837524414
0.009827136993408203
0.00906825065612793
0.009314537048339844
0.009572029113769531
0.009866714477539062
0.009187936782836914
0.008921384811401367
0.00930166244506836
0.008970975875854492
0.009084701538085938
0.009003877639770508
0.009655237197875977
0.009114742279052734
0.008996725082397461
0.009272336959838867
0.009027719497680664
0.009104728698730469
0.008905649185180664
0.009155511856079102
0.009078502655029297
0.009245634078979492
0.009107589721679688
0.009540796279907227
0.00901341438293457
0.009205102920532227
0.009278297424316406
0.008947610855102539
0.008987665176391602
0.009055376052856445
0.009026527404785156
0.008939504623413086
0.00957036018371582
0.009833097457885742
0.009062528610229492
0.008990764617919922
0.00895237922668457
0.009531736373901367
0.009033679962158203
0.009153604507446289
0.009174585342407227
0.00967860221862793
0.00924372673034668
0.00904083251953125
0.009800195693969727
0.009137630462646484
0.00971078872680664
0.009061336517333984
0.009742975234985352
0.009870529174804688
0.009093761444091797
0.009610891342163086
0.009041786193847656
0.009371757507324219
0.009191513061523438
0.009432792663574219
0.009053230285644531
0.009419918060302734
0.009098052978515625
0.009860038757324219
0.009701251983642578
0.009137868881225586
0.009633064270019531
0.009224653244018555
0.009319782257080078
0.009102344512939453
0.009003639221191406
0.00921487808227539
0.008920669555664062
0.009553670883178711
0.009249687194824219
0.009570837020874023
0.009023904800415039
0.009177684783935547
0.009148836135864258
0.008998632431030273
0.009457588195800781
0.009027957916259766
0.009477853775024414
0.00884866714477539
0.009367942810058594
0.009361028671264648
0.009205818176269531
0.009085893630981445
0.009262323379516602
0.00982809066772461
0.009599685668945312
0.009730815887451172
0.00937199592590332
0.009018182754516602
0.008951663970947266
0.009099960327148438
0.009041786193847656
0.010007143020629883
0.009524106979370117
0.009137392044067383
0.009014368057250977
0.009226560592651367
0.008893013000488281
0.008858203887939453
0.00919342041015625
0.00911855697631836
0.010372638702392578
0.009604692459106445
0.009287834167480469
0.009196281433105469
0.009236812591552734
0.009064435958862305
0.009011268615722656
0.009826183319091797
0.009662866592407227
0.00901937484741211
0.009716987609863281
0.009669780731201172
0.00952768325805664
0.00918889045715332
0.00892186164855957
0.009069681167602539
0.009422540664672852
0.008902549743652344
0.009445428848266602
0.009246110916137695
0.009458065032958984
0.009238719940185547
