0.014760017395019531
0.01916790008544922
0.017103910446166992
0.016646623611450195
0.018058300018310547
0.017343997955322266
0.017511844635009766
0.017200708389282227
0.017075061798095703
0.01684856414794922
0.017708539962768555
0.016855478286743164
0.01690196990966797
0.01688385009765625
0.017327070236206055
0.0165863037109375
0.01645827293395996
0.01621723175048828
0.016455888748168945
0.016788959503173828
0.016330242156982422
0.01663804054260254
0.016477584838867188
0.017075300216674805
0.017018795013427734
0.016499757766723633
0.01654338836669922
0.0164947509765625
0.01649332046508789
0.016757726669311523
0.016638755798339844
0.017754793167114258
0.01633453369140625
0.016536712646484375
0.016980648040771484
0.016778945922851562
0.01620793342590332
0.016187667846679688
0.016107559204101562
0.016323089599609375
0.016251325607299805
0.016428470611572266
0.016530752182006836
0.01647019386291504
0.016008377075195312
0.016149044036865234
0.016260862350463867
0.016387224197387695
0.016702651977539062
0.016661882400512695
0.01668548583984375
0.016681194305419922
0.01638054847717285
0.016395092010498047
0.016628503799438477
0.01650261878967285
0.01649641990661621
0.01630401611328125
0.016544818878173828
0.016161441802978516
0.01653289794921875
0.016516923904418945
0.016260385513305664
0.016307353973388672
0.016253948211669922
0.016863346099853516
0.016863107681274414
0.01647043228149414
0.016329050064086914
0.016661405563354492
0.016577482223510742
0.016393423080444336
0.016940832138061523
0.01719951629638672
0.016976594924926758
0.016782522201538086
0.01625227928161621
0.016541719436645508
0.016710758209228516
0.01676201820373535
0.017146587371826172
0.017116308212280273
0.016716957092285156
0.0166628360748291
0.016845226287841797
0.016331911087036133
0.016385555267333984
0.01622915267944336
0.016353607177734375
0.016142845153808594
0.01630091667175293
0.016179561614990234
0.015980958938598633
0.0157926082611084
0.015813350677490234
0.016461610794067383
0.015919208526611328
0.01595163345336914
0.016483783721923828
0.016305208206176758
0.01582193374633789
0.01580810546875
0.015901803970336914
0.015787601470947266
0.015767335891723633
