0.00904536247253418
0.008911609649658203
0.011641740798950195
0.009489059448242188
0.0098419189453125
0.008745431900024414
0.010032176971435547
0.008712053298950195
0.009742975234985352
0.009233236312866211
0.009984731674194336
0.010755538940429688
0.010617971420288086
0.009628057479858398
0.009066104888916016
0.008839130401611328
0.009196758270263672
0.008760213851928711
0.011211395263671875
0.00894021987915039
0.009122371673583984
0.009732723236083984
0.008627891540527344
0.00876617431640625
0.008673667907714844
0.009232759475708008
0.008671998977661133
0.009373188018798828
0.008760690689086914
0.008730411529541016
0.009368419647216797
0.008719682693481445
0.009454727172851562
0.008645772933959961
0.009276628494262695
0.013918399810791016
0.010067224502563477
0.008790254592895508
0.008630037307739258
0.009247779846191406
0.00863027572631836
0.00938272476196289
0.00863504409790039
0.009270906448364258
0.008624553680419922
0.008708477020263672
0.008636474609375
0.008722305297851562
0.008698463439941406
0.008523225784301758
0.008761167526245117
0.008558988571166992
0.0087127685546875
0.00882863998413086
0.008737325668334961
0.008615732192993164
0.008733272552490234
0.00853109359741211
0.00907754898071289
0.008657217025756836
0.009105920791625977
0.008590221405029297
0.009020328521728516
0.00925135612487793
0.008598566055297852
0.00869297981262207
0.008637428283691406
0.008720874786376953
0.008642435073852539
0.008715152740478516
0.008526802062988281
0.008575201034545898
0.008615732192993164
0.008896350860595703
0.008565187454223633
0.008762121200561523
0.008711099624633789
0.009173870086669922
0.008707761764526367
0.009338855743408203
0.008660316467285156
0.008715391159057617
0.008639335632324219
0.008600711822509766
0.008590936660766602
0.008600711822509766
0.00868535041809082
0.00856924057006836
0.008699655532836914
0.008637428283691406
0.008643150329589844
0.009376287460327148
0.0088043212890625
0.008675098419189453
0.008944034576416016
0.00859379768371582
0.009137630462646484
0.008574962615966797
0.008709430694580078
0.008729219436645508
0.00867462158203125
0.008774757385253906
0.008704662322998047
0.008735418319702148
0.008708953857421875
0.008722543716430664
0.008652925491333008
0.008860111236572266
0.008725881576538086
0.00887608528137207
0.008691787719726562
0.008962869644165039
0.008539438247680664
0.009268522262573242
0.008500099182128906
0.008917093276977539
0.0089263916015625
0.008693933486938477
0.008775711059570312
0.008918046951293945
0.008765935897827148
0.008697271347045898
0.008775949478149414
0.008703947067260742
0.009190559387207031
0.008670806884765625
0.009483814239501953
0.008655309677124023
0.008947134017944336
0.00863504409790039
0.00883936882019043
0.00878000259399414
0.008565425872802734
0.008756399154663086
0.008678913116455078
0.008637428283691406
0.00871133804321289
0.008806705474853516
0.008578062057495117
0.008722066879272461
0.008638143539428711
0.008764505386352539
0.008554697036743164
0.008628606796264648
0.008571386337280273
0.008832693099975586
0.008515357971191406
0.009171485900878906
0.008885860443115234
0.008985757827758789
0.008693456649780273
0.008771896362304688
0.0086212158203125
0.008591890335083008
0.009386777877807617
0.008606910705566406
0.009260416030883789
0.00874638557434082
0.009322166442871094
0.008738517761230469
0.009418487548828125
0.008720874786376953
0.009009361267089844
0.00870370864868164
0.008644342422485352
0.008761405944824219
0.008647918701171875
0.008720874786376953
0.008620738983154297
0.008761882781982422
0.008488655090332031
0.008678913116455078
0.008517980575561523
0.00918722152709961
0.008469581604003906
0.009177446365356445
0.009238004684448242
0.008999347686767578
0.009270429611206055
0.008560895919799805
0.008742332458496094
0.00856328010559082
0.008598804473876953
0.008554935455322266
0.00877070426940918
0.008683204650878906
0.008667469024658203
0.008578777313232422
0.008731603622436523
0.008638143539428711
0.008577585220336914
0.008565425872802734
0.008733749389648438
0.008636713027954102
0.00899958610534668
0.008615493774414062
0.009253501892089844
0.008658885955810547
0.008926630020141602
0.008705854415893555
0.008669614791870117
0.008584976196289062
0.008619070053100586
0.009195566177368164
0.009380340576171875
0.009252786636352539
0.008692026138305664
0.008607625961303711
0.009215593338012695
0.008553028106689453
0.008871793746948242
0.008549690246582031
0.008946657180786133
0.008556604385375977
0.009141206741333008
0.008539438247680664
0.009138822555541992
0.00860738754272461
0.008906841278076172
0.009316205978393555
0.008525848388671875
0.009394407272338867
0.008516788482666016
0.008718013763427734
0.008514404296875
0.00874948501586914
0.008568763732910156
0.008867502212524414
0.00856328010559082
0.009276151657104492
0.008701086044311523
0.009415388107299805
0.01116037368774414
0.009156465530395508
0.008782625198364258
0.009233951568603516
0.00911855697631836
0.008938312530517578
0.009118318557739258
0.008695602416992188
0.00880742073059082
0.00903940200805664
0.008799552917480469
0.008754491806030273
0.008552312850952148
0.008600234985351562
0.008664369583129883
0.008776187896728516
0.008551359176635742
0.009480714797973633
0.008648157119750977
0.008808612823486328
0.009800195693969727
0.009747982025146484
0.00944066047668457
0.008904695510864258
0.00939798355102539
0.008684873580932617
0.009497404098510742
0.008626699447631836
0.008787870407104492
0.008776664733886719
0.009092569351196289
0.008609294891357422
0.009131908416748047
0.008486270904541016
0.008672237396240234
0.008684635162353516
0.008708715438842773
0.008549690246582031
0.008585453033447266
0.008639812469482422
0.008535146713256836
0.00862264633178711
0.008502483367919922
0.008726358413696289
0.008661270141601562
0.008773326873779297
0.008571863174438477
0.008755922317504883
0.008685588836669922
0.00879669189453125
0.008582115173339844
0.009100675582885742
0.008619546890258789
0.009054422378540039
0.008849859237670898
0.008868694305419922
