0.012893199920654297
0.02265763282775879
0.021218538284301758
0.02078413963317871
0.021797895431518555
0.02113628387451172
0.020861148834228516
0.02062249183654785
0.02166914939880371
0.020600080490112305
0.020406246185302734
0.0202481746673584
0.020222902297973633
0.019959211349487305
0.020662546157836914
0.020218610763549805
0.02073073387145996
0.020179033279418945
0.020140647888183594
0.020378589630126953
0.020333051681518555
0.020131587982177734
0.020106077194213867
0.019839048385620117
0.021036863327026367
0.02013254165649414
0.020424842834472656
0.019840240478515625
0.021560192108154297
0.02063441276550293
0.020169734954833984
0.019995450973510742
0.02042388916015625
0.020668983459472656
0.02030777931213379
0.020186424255371094
0.020803451538085938
0.020177364349365234
0.020195722579956055
0.01999640464782715
0.02070760726928711
0.021027088165283203
0.0203704833984375
0.020607709884643555
0.020342588424682617
0.020076513290405273
0.020056962966918945
0.019829273223876953
0.020682334899902344
0.020369291305541992
0.020441532135009766
0.01999974250793457
0.020471572875976562
0.02065873146057129
0.02088141441345215
0.020374774932861328
0.020386695861816406
0.020330429077148438
0.020815372467041016
0.020486116409301758
0.020517587661743164
0.020409822463989258
0.020956039428710938
0.02180647850036621
0.022565603256225586
0.0232846736907959
0.021914958953857422
0.022042274475097656
0.02260565757751465
0.021291732788085938
0.021541833877563477
0.021859407424926758
0.022443294525146484
0.022424697875976562
0.021777629852294922
0.02180933952331543
0.022440195083618164
0.022058963775634766
0.022073745727539062
0.02057170867919922
0.021184921264648438
0.020844697952270508
0.020306110382080078
0.020013093948364258
0.02001500129699707
0.020160198211669922
0.020267486572265625
0.020067214965820312
0.020121335983276367
0.02009892463684082
0.02037835121154785
0.02010965347290039
0.020767927169799805
0.019901037216186523
0.020052433013916016
0.020181655883789062
0.020690441131591797
0.020584821701049805
0.020596027374267578
0.02031683921813965
0.020381689071655273
0.02053546905517578
0.02080821990966797
0.020273208618164062
0.020333051681518555
0.02023148536682129
0.020705699920654297
0.020113468170166016
0.020666122436523438
0.020337343215942383
0.02066659927368164
0.02014946937561035
0.02033710479736328
0.020061254501342773
0.02068185806274414
0.020539522171020508
0.02067089080810547
0.020564794540405273
0.020965099334716797
0.02161264419555664
0.021565675735473633
0.021181821823120117
0.02079319953918457
0.020193815231323242
0.020761728286743164
0.020172834396362305
0.020955562591552734
0.020581722259521484
0.020465850830078125
0.020151615142822266
0.020626068115234375
0.020588397979736328
0.0205991268157959
0.02013850212097168
0.020629167556762695
0.020370006561279297
0.020417213439941406
0.020191431045532227
0.020981788635253906
0.02116250991821289
0.021068811416625977
0.020344972610473633
0.020940542221069336
0.02059793472290039
0.020961999893188477
0.02018117904663086
0.020746707916259766
0.02038884162902832
0.021016836166381836
0.020155668258666992
0.020513296127319336
0.020462512969970703
0.020749807357788086
0.020595550537109375
0.020529985427856445
0.0201418399810791
0.020688295364379883
0.02050638198852539
0.020461320877075195
0.02013540267944336
0.020520687103271484
0.020176172256469727
0.020352602005004883
0.019574642181396484
0.020295143127441406
0.01997232437133789
0.02036738395690918
0.020099878311157227
0.02002573013305664
0.020346641540527344
0.02056145668029785
0.020151615142822266
0.02001047134399414
0.019979476928710938
0.020169734954833984
0.019921541213989258
0.020456790924072266
0.020190000534057617
0.02063727378845215
0.02046823501586914
0.020490169525146484
0.02028942108154297
0.02071857452392578
0.020284414291381836
