0.014067649841308594
0.031458377838134766
0.030179262161254883
0.03132748603820801
0.030965566635131836
0.0301973819732666
0.029728174209594727
0.029280900955200195
0.02918267250061035
0.029132604598999023
0.029449939727783203
0.029247283935546875
0.02942180633544922
0.029942750930786133
0.0293729305267334
0.02932882308959961
0.02876138687133789
0.029451847076416016
0.029048681259155273
0.030129432678222656
0.03158235549926758
0.03100132942199707
0.030386686325073242
0.030564308166503906
0.031310319900512695
0.030752897262573242
0.029920339584350586
0.029390573501586914
0.03037858009338379
0.02940678596496582
0.029892921447753906
0.02962470054626465
0.029366254806518555
0.028939008712768555
0.03193235397338867
0.03076338768005371
0.029602527618408203
0.03008294105529785
0.030596494674682617
0.030376672744750977
0.030105113983154297
0.029817581176757812
0.03014063835144043
0.029864788055419922
0.030063390731811523
0.030093908309936523
0.030500411987304688
0.030119895935058594
0.03007364273071289
0.030266284942626953
0.029849767684936523
0.029910564422607422
0.030588388442993164
0.030367136001586914
0.03264617919921875
0.030454158782958984
0.029979228973388672
0.02972579002380371
0.03047657012939453
0.030344486236572266
0.029852628707885742
0.029629230499267578
0.030716657638549805
0.029465198516845703
0.0299074649810791
0.030000925064086914
0.029927730560302734
0.03039073944091797
0.030938148498535156
0.030872821807861328
0.030100345611572266
0.030300378799438477
0.03067636489868164
0.03022003173828125
0.0301663875579834
0.029500722885131836
0.02988147735595703
0.029900074005126953
0.030252933502197266
0.029705047607421875
0.030040264129638672
0.02944660186767578
0.029662370681762695
0.029142379760742188
0.029554367065429688
0.029735803604125977
0.029699087142944336
0.02992105484008789
0.03017282485961914
0.03012990951538086
0.030190229415893555
0.029019832611083984
0.03034830093383789
0.030618906021118164
0.0302581787109375
0.030181169509887695
0.030051231384277344
0.029819250106811523
0.03032708168029785
0.029794931411743164
0.029946327209472656
0.02975940704345703
0.02984333038330078
0.029308557510375977
0.0299069881439209
0.029940128326416016
0.030077695846557617
0.02930450439453125
0.0303499698638916
