0.1050713062286377
0.004899501800537109
0.004969596862792969
0.0049021244049072266
0.004986286163330078
0.004820585250854492
0.005076169967651367
0.005028963088989258
0.0048580169677734375
0.004848003387451172
0.003932952880859375
0.003799915313720703
0.0031092166900634766
0.003164052963256836
0.003180980682373047
0.0031511783599853516
0.0031495094299316406
0.0041272640228271484
0.0048139095306396484
0.004724740982055664
0.004128456115722656
0.003831624984741211
0.0036351680755615234
0.0034208297729492188
0.003096342086791992
0.0039055347442626953
0.0039136409759521484
0.003622770309448242
0.0032041072845458984
0.0030655860900878906
0.0030977725982666016
0.0030355453491210938
0.003587484359741211
0.0036096572875976562
0.0036199092864990234
0.004263162612915039
0.004441022872924805
0.004167079925537109
0.004825115203857422
0.0042536258697509766
0.004750728607177734
0.004135608673095703
0.0042572021484375
0.004625558853149414
0.004274606704711914
0.00437617301940918
0.004470109939575195
0.0040607452392578125
0.003379344940185547
0.0031709671020507812
0.004435539245605469
0.0031692981719970703
0.003104686737060547
0.003218412399291992
0.0038259029388427734
0.004399776458740234
0.004767656326293945
0.004630327224731445
0.0035715103149414062
0.0036182403564453125
0.004072904586791992
0.004447460174560547
0.00443577766418457
0.003823518753051758
0.0039370059967041016
0.0051136016845703125
0.004425525665283203
0.003135204315185547
0.0034284591674804688
0.004345417022705078
0.004787445068359375
0.004568815231323242
0.0036630630493164062
0.004091024398803711
0.004300355911254883
0.00418853759765625
0.004245281219482422
0.004603385925292969
0.003997087478637695
0.0039479732513427734
0.004099845886230469
0.003752470016479492
0.003427267074584961
0.0031113624572753906
0.0032835006713867188
0.003116607666015625
0.0031280517578125
0.0033407211303710938
0.0034945011138916016
0.0034270286560058594
0.004532575607299805
0.0036394596099853516
0.0041582584381103516
0.0037403106689453125
0.0040378570556640625
0.003987312316894531
0.004316806793212891
0.00418400764465332
0.004197359085083008
0.0035872459411621094
0.003657102584838867
0.003612518310546875
0.00417780876159668
0.003697633743286133
0.003618001937866211
0.003714323043823242
0.0037975311279296875
0.003760099411010742
0.004017353057861328
0.0033228397369384766
0.003082752227783203
0.0032472610473632812
0.0037059783935546875
0.004068136215209961
0.004584074020385742
0.004227638244628906
0.0037848949432373047
0.004313468933105469
0.005111217498779297
0.0038945674896240234
0.004513263702392578
0.003949403762817383
0.0040853023529052734
0.0042266845703125
0.004518270492553711
0.004511356353759766
0.004113197326660156
0.004490375518798828
0.004073381423950195
0.0040590763092041016
0.003470897674560547
0.003259897232055664
0.0034780502319335938
0.0033783912658691406
0.0031769275665283203
0.003055095672607422
0.0032787322998046875
0.0030126571655273438
0.0030634403228759766
0.0030717849731445312
0.003040313720703125
0.0032062530517578125
0.003238201141357422
0.0037689208984375
0.00428462028503418
0.004367351531982422
0.004364967346191406
0.004366636276245117
0.004265546798706055
0.00484013557434082
0.0035185813903808594
0.004303693771362305
0.004671573638916016
0.004340171813964844
0.0046842098236083984
0.004931211471557617
0.003957271575927734
0.004109621047973633
0.004327058792114258
0.0044896602630615234
0.003154277801513672
0.0031194686889648438
0.0032978057861328125
0.003757953643798828
0.003899097442626953
0.00415492057800293
0.004393100738525391
0.00518488883972168
0.004496574401855469
0.004083871841430664
0.00435328483581543
0.004378080368041992
0.0038237571716308594
0.003719329833984375
0.004922151565551758
0.0045926570892333984
0.003668069839477539
0.0045430660247802734
0.004220485687255859
0.004210233688354492
0.003521442413330078
0.0033032894134521484
0.0031659603118896484
0.003117084503173828
0.003131866455078125
0.0033347606658935547
0.0038726329803466797
0.004347085952758789
0.0036835670471191406
0.004125118255615234
0.0037317276000976562
0.004091739654541016
0.004861116409301758
0.004619598388671875
0.00442814826965332
0.0046770572662353516
0.004102945327758789
0.0044078826904296875
0.0037734508514404297
0.0039212703704833984
0.00479578971862793
0.004400014877319336
0.004754066467285156
0.004225730895996094
0.004059314727783203
0.0034608840942382812
0.00409245491027832
0.0040590763092041016
0.00441741943359375
0.004062175750732422
0.004306793212890625
0.004098176956176758
0.0043506622314453125
0.003793001174926758
