0.08942437171936035
0.007745027542114258
0.008437633514404297
0.008033275604248047
0.007227182388305664
0.006875038146972656
0.006769418716430664
0.00830221176147461
0.00835418701171875
0.007307529449462891
0.007182598114013672
0.007117033004760742
0.006965160369873047
0.007742881774902344
0.007756471633911133
0.00692296028137207
0.006802797317504883
0.007063627243041992
0.006791830062866211
0.006686210632324219
0.007198333740234375
0.0068285465240478516
0.006936073303222656
0.006813526153564453
0.006728410720825195
0.006659746170043945
0.0067670345306396484
0.006894588470458984
0.007402896881103516
0.006864786148071289
0.0069122314453125
0.0068569183349609375
0.006842851638793945
0.0068056583404541016
0.0069582462310791016
0.006791114807128906
0.00677800178527832
0.006830453872680664
0.0068318843841552734
0.006746768951416016
0.009264469146728516
0.00700688362121582
0.00664973258972168
0.006741046905517578
0.006762027740478516
0.007136821746826172
0.007752180099487305
0.007643222808837891
0.006993293762207031
0.0068285465240478516
0.00664210319519043
0.0067403316497802734
0.006888628005981445
0.007273674011230469
0.007017612457275391
0.00703740119934082
0.0067365169525146484
0.006852865219116211
0.006884098052978516
0.006868124008178711
0.006598711013793945
0.006875276565551758
0.006911039352416992
0.006897687911987305
0.007230281829833984
0.006804466247558594
0.006885051727294922
0.00677800178527832
0.006838083267211914
0.00844120979309082
0.008091211318969727
0.006751060485839844
0.0070416927337646484
0.006819725036621094
0.007419109344482422
0.00825357437133789
0.006730318069458008
0.006746768951416016
0.0066792964935302734
0.006620883941650391
0.006636381149291992
0.006843090057373047
0.006616353988647461
0.007178783416748047
0.008501052856445312
0.006855010986328125
0.006655216217041016
0.006764888763427734
0.007940292358398438
0.00806283950805664
0.006650447845458984
0.006821393966674805
0.006815910339355469
0.007433414459228516
0.007654428482055664
0.006941318511962891
0.006673097610473633
0.00650334358215332
0.006760120391845703
0.006688833236694336
0.006623029708862305
0.006679058074951172
0.0074939727783203125
0.006767749786376953
0.007487773895263672
0.00698399543762207
0.006730556488037109
0.006645917892456055
0.006644248962402344
0.006549835205078125
0.006630420684814453
0.0075757503509521484
0.007601499557495117
0.0076978206634521484
0.006709575653076172
0.006585121154785156
0.006648063659667969
0.006762027740478516
0.006673336029052734
0.006684064865112305
0.006631135940551758
0.00687718391418457
0.0067942142486572266
0.006949901580810547
0.006810665130615234
0.007533550262451172
0.0075855255126953125
0.00771021842956543
0.006575345993041992
0.006767749786376953
0.006573915481567383
0.006685495376586914
0.006867408752441406
0.00677943229675293
0.007251262664794922
0.007590532302856445
0.007617473602294922
0.006907939910888672
0.006848812103271484
0.0067255496978759766
0.006745815277099609
0.006582975387573242
0.00670313835144043
0.007263660430908203
0.006818532943725586
0.00785207748413086
0.006787776947021484
0.006762027740478516
0.006891489028930664
0.0067615509033203125
0.006942272186279297
0.006939888000488281
0.007101774215698242
0.007729530334472656
0.007544517517089844
0.006836652755737305
0.0067021846771240234
0.0068264007568359375
0.006575107574462891
0.00673985481262207
0.006987571716308594
0.0069200992584228516
0.006910085678100586
0.006918668746948242
0.006753683090209961
0.006673336029052734
0.006514072418212891
0.006673574447631836
0.006803750991821289
0.006762981414794922
0.007019519805908203
0.006963253021240234
0.006829977035522461
0.0075418949127197266
0.007482767105102539
0.0067713260650634766
0.006690025329589844
0.006697893142700195
0.0068798065185546875
0.006735086441040039
0.006850242614746094
0.00697779655456543
0.0073392391204833984
0.0067517757415771484
0.006750345230102539
0.006644487380981445
0.00687718391418457
0.006708621978759766
0.0069005489349365234
0.006971836090087891
0.006855010986328125
0.0066070556640625
0.0066814422607421875
0.0066606998443603516
0.006749153137207031
0.006844520568847656
0.006737709045410156
0.006941795349121094
0.006852149963378906
0.0067441463470458984
0.00665283203125
0.006734609603881836
0.0067942142486572266
0.006806612014770508
0.006591081619262695
0.006657838821411133
0.006891489028930664
0.006755352020263672
0.00686192512512207
0.0067806243896484375
0.006678104400634766
0.00695037841796875
0.006783246994018555
0.0066339969635009766
0.0065615177154541016
0.0067996978759765625
0.006880283355712891
0.0067937374114990234
0.006806850433349609
0.006766557693481445
0.006693601608276367
0.006768465042114258
0.006804466247558594
0.006788969039916992
0.006561756134033203
0.006678104400634766
0.006878852844238281
0.0067751407623291016
0.006773710250854492
0.006725788116455078
0.006886959075927734
0.00680994987487793
0.007046699523925781
0.006823539733886719
0.0068094730377197266
0.006773471832275391
0.006680011749267578
0.006872653961181641
0.006645679473876953
0.006867170333862305
0.0065801143646240234
0.006630897521972656
0.006720304489135742
0.006926774978637695
0.007055759429931641
0.006680488586425781
0.006783723831176758
0.006963491439819336
0.0068585872650146484
0.006852865219116211
0.006701231002807617
0.007115364074707031
0.007502317428588867
0.006846189498901367
0.006592988967895508
0.007074594497680664
0.006797075271606445
0.006978273391723633
0.008220195770263672
0.007384538650512695
0.00713801383972168
0.006928443908691406
0.006709098815917969
0.006963968276977539
0.006579875946044922
0.006838083267211914
0.006854534149169922
0.0068891048431396484
